unsigned short town_tile_data[483] = {
	  0,   0,   0,   0,   0,   0,   0,   0,   0,   0,   0,   0,   0,   0,   0,   0,   0,   0,   0,   0,   0, 
	  0,   1,   2,   2,   2,   2,   2,   2,   2,   2,   2,   2,   2,   2,   2,   2,   2,   2,   2,   3,   0, 
	  0,   4,   5,   5,   5,   5,   5,   5,   5,   5,   5,   5,   5,   5,   5,   5,   5,   5,   5,   6,   0, 
	  0,   4,   7,   5,   7,   5,   7,   5,   7,   5,   7,   5,   7,   5,   7,   5,   7,   5,   7,   6,   0, 
	  0,   4,   5,   7,   5,   7,   5,   7,   5,   7,   5,   7,   5,   7,   5,   7,   5,   7,   5,   6,   0, 
	  0,   4,   5,   5,   5,   5,   5,   5,   5,   5,   5,   5,   5,   5,   5,   5,   5,   5,   5,   6,   0, 
	  0,   4,   8,   9,   9,   9,   9,   9,  10,   5,   5,  11,   9,   9,   9,   9,   9,   9,  10,   6,   0, 
	  0,   4,   5,   5,   5,   5,   5,   5,   5,   5,   5,   5,   5,   5,   5,   5,   5,   5,   5,   6,   0, 
	  0,   4,   7,   5,   7,   5,   7,   5,   7,   5,   7,   5,   7,   5,   7,   5,   7,   5,   7,   6,   0, 
	  0,   4,   5,   7,   5,   7,   5,   7,   5,   7,   5,   7,   5,   7,   5,   7,   5,   7,   5,   6,   0, 
	  0,   4,   5,   5,   5,   5,   5,   5,   5,   5,   5,   5,   5,   5,   5,   5,   5,   5,   5,   6,   0, 
	  0,   4,   8,   9,   9,   9,   9,   9,  10,   5,   5,  11,   9,   9,   9,   9,   9,   9,  10,   6,   0, 
	  0,   4,   5,   5,   5,   5,   5,   5,   5,   5,   5,   5,   5,   5,   5,   5,   5,   5,   5,   6,   0, 
	  0,   4,   7,   5,   7,   5,   7,   5,   7,   5,   7,   5,   7,   5,   7,   5,   7,   5,   7,   6,   0, 
	  0,   4,   5,   5,   5,   5,   5,   5,   5,   5,   5,   5,   5,   5,   5,   5,   5,   5,   5,   6,   0, 
	  0,   4,   7,   5,   7,   5,   7,   5,   7,   5,   7,   5,   7,   5,   7,   5,   7,   5,   7,   6,   0, 
	  0,   4,   5,   5,   5,   5,   5,   5,   5,   5,   5,   5,   5,   5,   5,   5,   5,   5,   5,   6,   0, 
	  0,   4,   7,   5,   7,   5,   7,   5,   7,   5,   7,   5,   7,   5,   7,   5,   7,   5,   7,   6,   0, 
	  0,   4,   5,   5,   5,   5,   5,   5,   5,   5,   5,   5,   5,   5,   5,   5,   5,   5,   5,   6,   0, 
	  0,   4,   7,   5,   7,   5,   7,   5,   7,   5,   7,   5,   7,   5,   7,   5,   7,   5,   7,   6,   0, 
	  0,   4,   5,   5,   5,   5,   5,   5,   5,   5,   5,   5,   5,   5,   5,   5,   5,   5,   5,   6,   0, 
	  0,  12,  13,  13,  13,  13,  13,  13,  14,  13,   5,  13,  14,  13,  13,  13,  13,  13,  13,  15,   0, 
	  0,   0,   0,   0,   0,   0,   0,   0,   0,   0,  16,   0,   0,   0,   0,   0,   0,   0,   0,   0,   0
	};
